0,20,12
0 0 0 0 0 0 0 0 0 0 0 0 0 0 0 0 0 0 0 0 
0 0 0 0 0 0 0 0 0 0 0 0 0 0 0 0 0 0 0 0 
0 0 0 0 0 0 0 0 0 0 0 0 0 0 0 0 0 0 0 0 
0 0 0 0 0 0 0 0 0 0 0 0 0 0 0 0 0 0 0 0 
0 0 0 0 0 0 0 0 0 0 0 0 0 0 0 0 0 0 0 0 
0 0 0 0 0 0 0 0 0 0 0 0 0 0 0 0 0 0 0 0 
0 0 0 0 0 0 0 0 0 0 0 0 0 0 0 0 0 0 0 0 
0 0 0 0 0 0 0 0 0 0 0 0 0 0 0 0 0 0 0 0 
0 0 0 0 0 0 0 0 0 0 0 0 0 0 0 0 0 0 0 0 
0 0 0 0 0 0 0 0 0 0 0 0 0 0 0 0 0 0 0 0 
0 0 0 0 0 0 0 0 0 0 0 0 0 0 0 0 0 0 0 0 
0 0 0 0 0 0 0 0 0 0 0 0 0 0 0 0 0 0 0 0 
24,20,12
22 22 22 22 22 22 22 22 22 22 22 22 22 22 22 22 22 22 22 22 
22 22 0 0 22 22 22 22 22 22 22 22 22 22 22 22 22 22 22 22 
22 22 0 0 0 22 22 22 22 22 22 0 22 22 22 22 22 22 22 22 
0 0 22 22 0 22 22 0 0 0 0 0 0 22 22 22 22 22 22 22 
0 22 22 0 22 22 0 0 0 0 0 0 0 0 0 0 0 22 22 22 
0 0 0 0 22 22 0 22 0 0 0 0 0 0 0 0 0 22 22 22 
0 22 0 0 0 0 0 0 0 0 0 0 0 0 0 0 0 0 22 22 
0 0 0 0 0 0 22 0 0 0 0 0 0 0 0 0 0 0 22 22 
0 0 22 22 22 22 22 0 0 0 0 22 0 0 0 22 22 22 22 0 
0 0 22 22 22 22 22 22 22 22 22 22 0 22 22 22 22 22 22 0 
22 22 22 22 22 22 0 0 22 22 22 22 22 22 22 22 22 22 22 0 
22 22 22 22 22 22 0 0 22 22 22 22 22 22 22 22 22 22 22 22 
48,20,12
22 22 22 22 22 22 22 22 22 22 22 22 22 22 22 22 22 22 22 22 
22 22 0 0 22 22 22 22 22 22 22 22 22 22 22 22 22 22 22 22 
22 22 0 0 0 22 22 22 22 22 22 0 0 22 22 22 22 22 22 22 
0 0 22 22 0 22 22 22 0 0 0 0 0 22 22 22 22 22 22 22 
0 0 22 0 22 22 0 0 0 0 0 0 0 0 0 0 0 0 22 22 
0 0 0 0 0 0 22 22 22 0 0 0 0 0 0 0 0 0 22 22 
22 22 0 0 0 0 22 0 0 0 0 0 0 0 0 0 0 22 22 22 
0 0 0 0 0 0 22 0 0 0 0 0 0 22 22 0 0 22 22 22 
0 0 22 22 22 22 22 0 0 0 0 0 0 0 0 22 22 22 22 0 
0 0 22 22 22 22 22 0 0 22 22 22 0 22 22 22 0 22 22 22 
22 22 22 22 22 22 0 0 22 22 22 22 22 22 0 0 0 22 22 0 
22 22 22 22 22 22 0 0 22 22 22 22 22 22 0 0 0 22 22 0 
72,20,12
22 22 22 22 22 22 22 22 22 22 22 22 22 22 22 22 22 22 22 22 
22 22 0 0 22 22 22 22 22 22 22 22 22 22 22 22 22 22 22 22 
22 22 0 0 0 0 22 22 22 22 22 22 22 22 22 22 22 22 22 22 
0 0 22 22 0 0 22 22 22 0 0 0 0 22 22 22 22 22 22 22 
0 0 0 0 22 22 0 0 0 0 0 0 0 0 0 0 0 22 22 22 
0 0 22 0 0 0 0 0 0 0 0 0 0 0 0 0 0 22 22 22 
0 0 22 0 0 0 0 0 0 0 0 0 0 0 0 0 0 22 22 22 
0 0 0 0 0 0 22 0 0 0 0 0 0 22 22 0 0 0 22 22 
0 0 22 22 22 22 22 0 0 0 22 0 0 22 22 22 22 22 22 0 
0 0 22 22 22 22 22 0 0 22 22 22 0 22 22 22 22 22 22 0 
0 0 22 22 22 22 0 0 22 22 22 22 22 22 0 0 0 22 22 0 
22 22 22 22 22 22 0 0 22 22 22 22 22 22 0 0 0 22 22 0 
96,20,12
22 22 22 22 22 22 22 22 22 22 22 22 22 22 22 22 22 22 22 22 
22 22 0 0 22 22 22 22 22 22 22 22 22 22 22 22 22 22 22 22 
22 22 0 0 0 0 22 22 22 22 22 22 22 22 22 22 22 22 22 22 
0 0 22 22 0 0 22 22 0 22 0 0 0 22 22 22 22 22 22 22 
0 22 22 0 22 22 0 0 0 0 0 0 0 0 0 0 0 22 22 22 
0 0 0 0 0 0 0 22 0 0 0 0 0 22 0 0 0 0 22 22 
0 0 0 0 0 0 22 0 0 0 0 0 0 0 0 0 0 22 22 22 
0 0 0 0 0 22 22 0 0 0 0 0 0 22 22 0 0 0 22 22 
0 0 22 22 22 22 22 0 0 0 22 0 0 0 0 22 22 0 22 22 
0 0 22 22 22 22 22 22 22 22 22 22 0 22 22 22 0 22 22 22 
0 0 22 22 22 22 0 0 22 22 22 22 22 22 0 0 0 22 22 0 
0 0 22 22 22 22 0 0 22 22 22 22 22 22 0 0 0 22 22 0 
120,20,12
22 22 22 22 22 22 22 22 22 22 22 22 22 22 22 22 22 22 22 22 
22 22 0 0 22 22 22 22 22 22 22 22 22 22 22 22 22 22 22 22 
22 22 0 0 0 0 22 22 22 22 22 22 22 22 22 22 22 22 22 22 
0 0 0 0 0 0 22 22 0 0 0 0 0 22 22 22 22 22 22 22 
0 0 22 0 22 22 0 0 0 0 0 0 0 0 0 0 22 22 22 22 
0 0 0 0 0 0 0 22 0 0 0 0 22 0 0 0 0 0 22 22 
0 0 0 22 0 0 0 0 0 0 0 0 22 0 0 0 0 0 22 22 
0 0 0 0 0 22 22 0 0 0 0 0 0 22 22 0 0 0 22 22 
0 0 22 22 22 22 22 0 0 0 22 0 0 22 22 22 22 0 22 22 
0 0 22 22 22 22 22 0 0 22 22 22 22 22 22 22 22 22 22 22 
0 0 22 22 22 22 22 22 22 22 22 22 22 22 22 22 22 22 22 0 
0 0 22 22 22 22 22 22 22 22 22 22 22 22 22 22 22 22 22 0 
144,20,12
22 22 22 22 22 22 22 22 22 22 22 22 22 22 22 22 22 22 22 22 
22 22 0 0 22 22 22 22 22 22 22 22 22 22 22 22 22 22 22 22 
22 22 0 0 0 0 22 22 22 22 22 22 22 22 22 22 22 22 22 22 
0 0 0 0 0 0 22 22 22 22 0 0 0 22 22 22 22 22 22 22 
0 0 22 0 22 22 22 0 0 0 0 0 0 0 0 0 0 22 22 22 
0 0 0 0 0 0 0 0 0 0 0 0 0 0 0 0 0 22 22 22 
22 0 0 0 0 0 0 0 0 0 0 0 0 0 0 0 0 0 22 22 
0 0 0 0 0 0 22 0 0 0 0 0 0 22 0 0 0 0 0 22 
0 0 22 22 22 22 22 0 0 0 22 22 0 22 22 22 22 0 0 22 
0 0 22 22 22 22 22 0 0 22 22 22 0 22 22 22 22 22 22 22 
0 0 22 22 22 22 22 22 0 0 22 22 22 22 22 22 22 22 22 0 
22 22 22 22 22 22 22 22 0 0 22 22 22 22 22 22 22 22 22 0 
168,20,12
22 22 22 22 22 22 22 22 22 22 22 22 22 22 22 22 22 22 22 22 
22 22 0 0 22 22 22 22 22 22 22 22 22 22 22 22 22 22 22 22 
22 22 0 0 0 0 22 22 22 22 22 22 22 22 22 22 22 22 22 22 
0 0 0 0 0 0 22 22 22 22 0 0 0 22 22 22 22 22 22 22 
0 0 0 22 22 22 0 0 0 0 0 0 0 0 0 0 0 22 22 22 
0 0 0 0 0 0 0 0 0 0 0 0 0 0 0 0 0 0 22 22 
22 0 0 0 0 0 0 0 0 0 0 0 0 0 0 0 0 0 22 22 
0 22 0 0 0 0 22 0 0 0 0 0 0 22 0 0 0 0 22 22 
0 0 22 22 22 22 22 0 0 0 22 22 0 0 22 22 22 0 22 22 
0 0 22 22 22 22 22 22 0 0 22 22 0 0 22 22 22 22 22 22 
0 0 22 22 22 22 22 22 0 0 0 22 22 22 22 22 22 22 0 0 
22 22 22 22 22 22 22 22 0 0 0 22 22 22 22 22 22 22 22 0 
192,20,12
22 22 22 22 22 22 22 22 22 22 22 22 22 22 22 22 22 22 22 22 
22 22 0 0 22 22 22 22 22 22 22 22 22 22 22 22 22 22 22 22 
22 22 0 0 0 0 22 22 22 22 22 22 22 22 22 22 22 22 22 22 
0 0 0 0 0 0 22 22 22 22 0 0 0 22 22 22 22 22 22 22 
0 0 22 22 22 22 0 22 0 0 0 0 0 0 0 0 22 22 22 22 
0 0 0 0 0 22 0 0 0 0 22 0 0 0 0 0 0 22 22 22 
22 22 0 0 0 0 0 0 0 0 0 0 0 0 0 0 0 0 22 22 
22 22 22 0 0 0 22 22 0 0 0 0 0 0 0 0 0 0 0 22 
0 0 22 22 0 22 22 0 0 0 22 0 0 0 22 0 0 0 0 22 
0 0 22 22 22 22 22 0 0 22 22 22 0 0 22 22 22 22 22 22 
0 0 22 22 22 22 22 22 0 0 22 22 22 22 22 22 0 22 0 0 
0 0 22 22 22 22 22 22 0 0 22 22 22 22 22 22 22 22 0 0 
216,20,12
22 22 22 22 22 22 22 22 22 22 22 22 22 22 22 22 22 22 22 22 
22 22 22 22 22 22 22 22 22 22 22 22 22 22 22 22 22 22 22 22 
22 22 0 0 22 22 22 22 22 22 22 22 22 22 22 22 22 22 22 22 
0 0 0 0 0 0 22 22 22 22 22 0 0 22 22 22 22 22 22 22 
0 0 22 22 22 22 0 0 0 0 0 0 0 22 22 22 22 22 22 22 
0 0 0 0 0 0 0 0 0 0 22 0 0 0 0 0 0 0 22 22 
22 0 0 0 0 0 0 0 0 0 0 0 0 0 0 0 0 0 22 22 
0 22 22 0 0 0 22 22 0 0 0 0 0 22 0 0 0 22 22 22 
0 0 22 0 0 22 22 0 0 0 22 22 0 0 22 0 0 0 0 22 
0 0 22 22 22 22 22 0 0 22 22 22 0 0 22 22 22 22 22 22 
0 0 22 22 22 22 22 22 22 22 22 22 22 22 22 22 22 22 22 22 
0 0 22 22 22 22 22 22 0 0 22 22 22 22 22 22 22 22 22 0 
240,20,12
22 22 22 22 22 22 22 22 22 22 22 22 22 22 22 22 22 22 22 22 
22 22 22 22 22 22 22 22 22 22 22 22 22 22 22 22 22 22 22 22 
22 22 0 0 22 22 22 22 22 22 22 22 22 22 22 22 22 22 22 22 
0 22 0 0 0 0 22 22 22 22 22 0 0 22 22 22 22 22 22 22 
0 0 22 22 22 22 0 0 0 0 0 0 0 22 22 22 22 22 22 22 
0 0 0 0 0 0 0 0 0 0 0 0 0 0 0 0 22 22 22 22 
0 0 0 0 0 0 22 0 0 0 0 0 0 0 0 0 0 0 22 22 
0 0 22 0 0 0 0 0 0 0 0 0 0 0 0 0 0 0 22 22 
0 0 22 0 0 22 22 0 0 22 22 0 0 0 0 0 0 0 0 22 
0 0 22 0 0 22 22 0 0 0 0 22 0 0 0 22 22 22 22 22 
0 0 22 22 22 22 22 22 22 0 0 22 22 22 22 22 0 22 22 22 
0 0 22 22 22 22 22 22 22 22 22 22 22 22 22 22 22 22 22 22 
264,20,12
22 22 22 22 22 22 22 22 22 22 22 22 22 22 22 22 22 22 22 22 
22 22 22 22 22 22 22 22 22 22 22 22 22 22 22 22 22 22 22 22 
22 22 0 0 22 22 22 22 22 22 22 22 22 22 22 22 22 22 22 22 
0 22 0 0 0 0 22 22 22 22 22 0 0 22 22 22 22 22 22 22 
0 0 22 22 0 0 0 0 0 0 0 0 0 22 22 22 22 22 22 22 
0 0 0 0 0 22 0 22 0 0 0 0 0 0 0 0 0 22 22 22 
0 0 0 0 0 0 0 0 0 22 0 0 0 0 0 0 0 0 22 22 
0 0 0 0 0 0 0 0 0 22 0 0 0 0 0 0 0 0 22 22 
0 0 22 0 0 22 22 0 0 0 0 0 0 0 22 0 0 0 0 22 
0 0 22 22 22 22 22 0 0 0 22 22 0 0 22 22 22 22 0 22 
0 0 22 22 22 22 22 0 0 0 22 22 22 22 22 22 0 22 0 0 
0 0 22 22 22 22 22 22 22 22 22 22 22 22 22 22 22 22 0 0 
288,20,12
22 22 22 22 22 22 22 22 22 22 22 22 22 22 22 22 22 22 22 22 
22 22 22 22 22 22 22 22 22 22 22 22 22 22 22 22 22 22 22 22 
22 22 0 0 22 22 22 22 22 22 22 22 22 22 22 22 22 22 22 22 
22 22 0 0 0 0 22 22 22 22 22 0 22 22 22 22 22 22 22 22 
0 0 22 22 0 0 0 22 0 0 0 0 0 22 22 22 0 0 22 22 
0 0 22 0 0 0 0 0 0 0 0 0 0 0 0 0 0 0 22 22 
0 0 22 0 0 0 0 0 0 22 0 0 0 0 0 0 0 0 22 22 
0 0 22 0 0 0 0 0 0 0 0 0 0 0 0 0 0 0 22 22 
0 0 22 22 0 22 22 0 0 0 0 0 0 0 22 0 0 0 0 22 
0 0 22 22 22 22 22 0 0 0 22 22 0 0 22 22 22 22 0 22 
0 0 22 22 22 22 22 0 0 0 22 22 22 22 22 22 22 22 0 0 
0 0 22 22 22 22 22 22 0 0 22 22 22 22 22 22 22 22 0 0 
312,20,12
22 22 22 22 22 22 22 22 22 22 22 22 22 22 22 22 22 22 22 22 
22 22 22 22 22 22 22 22 22 22 22 22 22 22 22 22 22 22 22 22 
22 22 0 0 0 22 22 22 22 22 22 22 22 22 22 22 22 22 22 22 
22 22 0 0 0 0 22 22 22 22 22 22 0 0 22 22 22 22 22 22 
0 0 22 22 0 0 0 22 22 0 0 0 0 0 22 22 22 22 22 22 
0 0 0 0 22 0 0 0 0 0 0 0 0 0 0 0 0 22 22 22 
22 22 0 0 0 0 0 0 0 22 0 0 0 0 0 0 0 0 22 22 
0 0 22 0 0 0 22 0 0 0 0 0 0 0 0 0 0 0 22 22 
0 0 22 22 22 22 22 0 0 0 0 0 0 0 0 0 0 0 0 22 
0 22 22 0 0 22 22 0 0 0 22 22 0 0 0 22 22 22 0 22 
0 0 22 22 22 22 22 0 0 0 22 22 22 22 22 22 0 22 22 0 
0 0 22 22 22 22 22 0 0 0 22 22 22 22 22 22 0 22 22 0 
336,20,12
22 22 22 22 22 22 22 22 22 22 22 22 22 22 22 22 22 22 22 22 
22 22 22 22 22 22 22 22 22 22 22 22 22 22 22 22 22 22 22 22 
22 22 0 0 0 22 22 22 22 22 22 22 22 22 22 22 22 22 22 22 
22 22 0 0 0 0 22 22 22 22 22 0 0 22 22 22 22 22 22 22 
0 0 22 22 0 0 0 22 22 22 0 0 0 0 22 22 22 22 22 22 
0 0 22 22 0 0 0 0 0 0 0 0 0 0 0 0 0 0 22 22 
0 0 0 0 0 0 22 0 0 0 0 0 0 0 0 0 0 0 22 22 
22 22 22 0 0 0 0 0 0 0 0 0 0 0 0 0 0 0 22 22 
22 22 22 0 0 22 22 0 0 0 0 0 0 22 0 0 0 0 22 22 
0 22 0 0 22 22 22 0 0 0 22 22 0 0 22 22 22 22 0 22 
22 0 0 0 22 22 22 0 0 0 22 0 22 22 0 0 0 22 22 22 
22 0 22 22 22 22 22 0 0 0 22 0 22 22 0 0 0 22 22 22 
360,20,12
22 22 22 22 22 22 22 22 22 22 22 22 22 22 22 22 22 22 22 22 
22 22 22 22 22 22 22 22 22 22 22 22 22 22 22 22 22 22 22 22 
22 22 22 22 22 22 22 22 22 22 22 22 22 22 22 22 22 22 22 22 
22 22 22 22 0 0 22 22 22 22 22 22 22 22 22 22 22 22 22 22 
0 0 22 22 0 0 0 22 22 22 0 0 0 0 22 22 22 22 22 22 
0 22 0 0 0 22 0 0 0 0 0 0 0 0 0 0 0 0 22 22 
0 0 0 0 0 22 0 0 0 0 0 0 0 0 0 0 0 0 22 22 
22 0 0 0 0 0 0 22 22 0 0 0 0 0 0 0 0 0 22 22 
22 0 0 22 22 22 22 0 0 0 0 0 0 0 0 0 0 0 22 22 
0 22 22 0 22 22 22 0 0 0 22 22 0 0 22 22 22 22 0 0 
0 0 0 0 22 22 22 0 0 0 22 0 22 22 0 0 0 22 22 0 
0 0 22 22 22 22 22 0 0 0 22 0 22 22 0 0 0 22 22 22 
384,20,12
22 22 22 22 22 22 22 22 22 22 22 22 22 22 22 22 22 22 22 22 
22 22 22 22 22 22 22 22 22 22 22 22 22 22 22 22 22 22 22 22 
22 22 0 0 0 22 22 22 22 22 22 22 22 22 22 22 22 22 22 22 
22 22 0 0 0 0 22 22 22 22 22 22 22 22 22 22 22 22 22 22 
0 0 22 22 0 0 0 22 22 0 0 0 0 0 22 22 22 22 22 22 
0 0 0 0 22 22 0 0 0 0 0 0 0 0 0 0 0 0 22 22 
22 22 0 0 0 0 0 22 22 0 0 0 0 0 0 0 0 0 22 22 
22 22 22 0 0 0 22 22 0 0 0 0 0 0 0 0 0 0 22 22 
22 22 22 0 22 22 22 0 0 0 0 0 0 0 0 0 0 0 22 22 
0 22 22 0 22 22 22 0 0 0 22 22 0 0 22 22 22 22 0 0 
22 22 0 0 22 22 22 0 0 0 22 0 22 22 0 0 0 22 22 0 
0 0 0 22 22 22 22 0 0 0 22 0 22 22 0 0 0 22 22 22 
408,20,12
22 22 22 22 22 22 22 22 22 22 22 22 22 22 22 22 22 22 22 22 
22 22 22 22 22 22 22 22 22 22 22 22 22 22 22 22 22 22 22 22 
22 22 22 0 0 22 22 22 22 22 22 22 22 22 22 22 22 22 22 22 
22 22 22 0 0 0 22 22 22 22 22 22 0 22 22 22 22 22 22 22 
0 0 22 22 0 0 22 22 22 0 0 0 0 22 22 22 22 22 22 22 
0 0 0 0 22 22 0 0 0 0 0 0 0 0 0 0 0 22 22 22 
22 0 0 0 0 0 22 22 22 22 22 0 0 0 0 0 0 0 22 22 
22 22 22 0 0 0 22 22 0 0 0 0 0 0 0 0 0 0 22 22 
22 22 22 22 22 22 22 0 0 0 0 0 0 0 0 0 0 0 22 22 
0 22 22 22 22 22 22 0 0 0 0 22 0 0 22 22 22 22 0 0 
0 0 0 0 22 22 22 0 0 0 22 0 22 22 0 0 0 22 22 0 
0 0 0 22 22 22 22 0 0 0 0 22 22 22 0 0 0 22 22 22 
432,20,12
22 22 22 22 22 22 22 22 22 22 22 22 22 22 22 22 22 22 22 22 
22 22 22 22 22 22 22 22 22 22 22 22 22 22 22 22 22 22 22 22 
22 22 22 0 0 22 22 22 22 22 22 22 22 22 22 22 22 22 22 22 
22 22 22 0 0 0 22 22 22 22 22 22 0 22 22 22 22 22 22 22 
0 0 22 22 22 0 22 22 22 0 0 0 0 22 22 22 22 22 22 22 
0 0 22 22 0 0 0 0 0 0 0 0 0 0 0 0 0 0 22 22 
0 0 0 0 0 0 0 22 22 22 22 22 0 0 0 0 0 0 22 22 
0 22 22 22 0 0 22 22 22 0 0 0 0 0 0 0 0 0 22 22 
22 0 0 22 22 22 22 0 0 0 0 0 0 0 0 22 0 0 22 22 
0 22 22 22 22 22 22 0 0 0 0 22 0 0 22 22 22 22 22 0 
0 22 0 22 22 22 22 0 0 0 22 0 22 22 0 0 0 22 22 0 
22 22 22 22 22 22 22 0 0 0 22 22 22 22 0 0 0 22 22 22 
456,20,12
22 22 22 22 22 22 22 22 22 22 22 22 22 22 22 22 22 22 22 22 
22 22 22 22 22 22 22 22 22 22 22 22 22 22 22 22 22 22 22 22 
22 22 22 0 0 22 22 22 22 22 22 22 22 22 22 22 22 22 22 22 
22 22 22 0 0 0 22 22 22 22 22 22 22 22 22 22 22 22 22 22 
0 0 22 22 0 0 22 22 22 0 0 0 0 22 22 22 22 22 22 22 
0 0 0 0 0 22 0 0 22 0 0 0 0 0 0 0 0 22 22 22 
0 0 0 0 0 22 22 22 22 22 0 0 0 0 0 0 0 0 22 22 
0 0 22 22 0 0 22 22 22 0 0 0 0 0 0 0 0 0 22 22 
22 22 22 22 0 22 22 22 22 0 0 0 0 0 0 22 0 0 22 22 
0 22 22 22 0 22 22 0 0 0 0 0 0 0 0 22 22 22 22 0 
0 22 0 22 22 22 22 0 0 0 0 0 22 22 22 22 0 22 22 0 
22 22 0 22 22 22 22 22 0 0 0 22 22 22 22 22 0 22 22 22 
480,20,12
22 22 22 22 22 22 22 22 22 22 22 22 22 22 22 22 22 22 22 22 
22 22 22 22 22 22 22 22 22 22 22 22 22 22 22 22 22 22 22 22 
22 22 22 0 0 22 22 22 22 22 22 22 22 22 22 22 22 22 22 22 
22 22 22 0 0 0 22 22 22 22 22 22 22 22 22 22 22 22 22 22 
0 0 22 22 22 0 22 22 22 22 0 0 0 0 22 22 22 22 22 22 
0 0 0 22 22 0 0 0 0 0 0 0 0 0 0 0 0 0 22 22 
0 0 0 0 0 0 0 0 0 0 0 0 0 0 0 0 0 0 0 22 
0 0 22 22 0 0 22 0 22 0 0 0 0 0 0 0 0 0 22 22 
22 22 0 0 22 0 22 22 22 0 0 0 0 0 0 22 0 0 22 22 
0 22 0 0 22 22 22 0 0 0 0 0 0 0 0 22 0 0 22 0 
0 0 0 22 22 22 22 0 0 0 22 0 0 22 22 22 0 22 22 0 
22 0 0 22 22 22 22 22 0 0 22 22 22 22 22 22 0 22 22 22 
504,20,12
22 22 22 22 22 22 22 22 22 22 22 22 22 22 22 22 22 22 22 22 
22 22 22 22 22 22 22 22 22 22 22 22 22 22 22 22 22 22 22 22 
22 22 22 22 22 22 22 22 22 22 22 22 22 22 22 22 22 22 22 22 
22 22 22 22 22 0 22 22 22 22 22 22 22 22 22 22 22 22 22 22 
0 0 22 22 22 0 22 22 22 22 22 0 0 0 22 22 22 22 22 22 
0 0 22 22 22 0 0 0 22 0 0 0 0 0 0 0 0 0 22 22 
0 0 0 0 0 22 0 0 22 0 0 22 22 0 0 0 0 0 22 22 
0 0 0 0 0 0 22 0 22 0 0 0 0 0 0 0 0 0 22 22 
0 22 22 0 0 0 22 22 22 0 0 0 0 0 22 22 0 0 22 22 
0 22 0 0 0 22 22 22 22 0 0 0 0 0 0 22 0 0 22 22 
0 22 22 22 22 22 22 0 0 0 22 0 22 22 22 22 22 22 22 0 
22 22 22 22 22 22 22 22 0 0 22 22 22 22 22 22 22 22 22 22 
528,20,12
22 22 22 22 22 22 22 22 22 22 22 22 22 22 22 22 22 22 22 22 
22 22 22 22 22 22 22 22 22 22 22 22 22 22 22 22 22 22 22 22 
22 22 22 0 0 22 22 22 22 22 22 22 22 22 22 22 22 22 22 22 
22 22 22 0 0 0 22 22 22 22 22 22 22 22 22 22 22 22 22 22 
0 0 22 0 0 0 22 22 22 0 22 0 0 0 22 22 22 22 22 22 
0 0 22 22 22 0 0 0 22 0 0 0 0 0 0 0 0 0 22 22 
0 0 0 0 0 0 0 0 22 0 22 0 0 0 0 0 0 0 22 22 
0 22 0 0 0 0 0 22 22 22 0 0 0 0 0 0 0 0 0 22 
0 22 22 22 0 0 22 22 22 0 0 0 0 0 0 22 0 0 22 22 
0 22 0 0 22 22 22 0 0 0 0 0 0 0 22 22 0 0 22 22 
0 22 0 0 22 22 22 0 0 0 22 0 0 0 0 0 0 22 0 0 
22 22 22 22 22 22 22 0 0 0 22 22 22 22 22 22 0 22 0 0 
552,20,12
22 22 22 22 22 22 22 22 22 22 22 22 22 22 22 22 22 22 22 22 
22 22 22 22 22 22 22 22 22 22 22 22 22 22 22 22 22 22 22 22 
22 22 22 0 0 22 22 22 22 22 22 22 22 22 22 22 22 22 22 22 
22 22 22 0 0 0 22 22 22 22 22 22 22 22 22 22 22 22 22 22 
0 0 22 0 0 0 22 22 22 22 22 0 0 0 22 22 22 22 22 22 
0 0 22 22 0 22 0 22 0 0 0 0 0 0 0 0 0 0 22 22 
0 0 0 0 0 0 0 0 0 0 0 0 0 0 0 0 0 0 22 22 
0 0 22 0 0 0 22 22 22 22 0 0 0 0 0 0 0 0 0 22 
0 0 22 22 0 0 22 22 22 0 0 0 0 0 0 0 0 0 0 22 
22 0 22 0 0 22 22 22 22 0 0 0 0 22 22 22 0 0 22 22 
0 22 22 22 22 22 22 0 0 0 22 0 22 0 0 0 22 22 22 22 
22 22 22 22 22 22 22 0 0 0 22 22 22 0 0 0 22 22 22 22 
576,20,12
22 22 22 22 22 22 22 22 22 22 22 22 22 22 22 22 22 22 22 22 
22 22 22 22 22 22 22 22 22 22 22 22 22 22 22 22 22 22 22 22 
22 22 0 0 0 22 22 22 22 22 22 22 22 22 22 22 22 22 22 22 
22 22 0 0 0 22 22 22 22 22 22 22 22 22 22 22 22 22 22 22 
0 0 0 0 0 0 22 22 22 22 22 0 0 0 22 22 22 22 22 22 
0 0 22 22 22 0 0 0 0 0 0 0 0 22 0 22 22 0 22 22 
0 22 22 0 0 22 0 0 0 0 0 0 0 0 0 0 0 0 22 22 
0 22 22 0 0 0 0 0 0 22 0 0 22 0 0 0 0 0 0 22 
0 22 22 22 0 0 22 22 22 0 0 0 0 0 0 0 0 0 0 22 
22 0 22 0 0 22 22 22 22 0 0 0 0 0 0 22 0 0 0 22 
0 22 22 22 22 22 22 22 22 0 0 0 22 0 0 22 22 22 22 22 
22 22 22 22 22 22 22 22 22 22 22 22 22 22 22 22 22 22 22 22 
600,20,12
22 22 22 22 22 22 22 22 22 22 22 22 22 22 22 22 22 22 22 22 
22 22 22 22 22 22 22 22 22 22 22 22 22 22 22 22 22 22 22 22 
22 22 0 0 0 22 22 22 22 22 22 22 22 22 22 22 22 22 22 22 
22 22 0 0 0 22 22 22 22 22 22 22 22 22 22 22 22 22 22 22 
0 0 0 0 0 0 22 22 22 22 22 0 0 0 22 22 22 22 22 22 
0 0 22 22 22 22 0 0 0 0 0 0 0 0 0 0 22 0 22 22 
0 0 0 0 22 0 0 0 0 0 0 0 0 0 0 0 0 0 0 22 
0 0 0 0 0 0 0 0 22 0 22 0 0 22 0 0 0 0 0 22 
0 0 22 22 0 0 22 22 22 0 0 0 0 22 0 0 0 0 0 22 
22 22 22 0 22 22 22 22 22 22 22 0 0 0 0 0 0 0 0 22 
22 0 0 0 22 22 22 22 22 22 0 0 0 0 0 22 22 22 22 22 
22 0 0 22 22 22 22 22 22 22 0 22 22 22 22 22 22 22 22 22 
624,20,12
22 22 22 22 22 22 22 22 22 22 22 22 22 22 22 22 22 22 22 22 
22 22 22 22 22 22 22 22 22 22 22 22 22 22 22 22 22 22 22 22 
22 22 22 22 22 22 22 22 22 22 22 22 22 22 22 22 22 22 22 22 
22 22 0 0 0 22 22 22 22 22 22 22 22 22 22 22 22 22 22 22 
0 0 0 0 0 0 22 22 22 22 22 0 0 0 22 22 22 22 22 22 
0 0 22 22 22 22 0 22 22 0 0 0 0 0 0 22 0 0 22 22 
0 0 22 0 22 0 0 0 0 0 0 0 0 0 0 0 0 0 0 22 
0 22 22 0 0 0 0 0 0 22 22 22 22 0 0 0 0 0 0 22 
0 0 22 0 0 0 22 22 22 0 0 0 0 22 22 0 0 0 0 22 
22 0 22 0 22 22 22 22 22 0 0 0 0 0 22 22 0 0 0 22 
22 0 22 0 22 22 22 0 0 22 22 0 0 22 22 22 22 22 22 22 
22 22 22 22 22 22 22 22 22 22 22 22 22 22 22 22 22 22 22 22 
648,20,12
22 22 22 22 22 22 22 22 22 22 22 22 22 22 22 22 22 22 22 22 
22 22 22 22 22 22 22 22 22 22 22 22 22 22 22 22 22 22 22 22 
22 22 22 22 22 22 22 22 22 22 22 22 22 22 22 22 22 22 22 22 
22 22 0 0 0 22 22 22 22 22 22 22 22 22 22 22 22 22 22 22 
0 0 0 0 0 0 22 22 22 22 22 0 0 0 22 22 22 22 22 22 
0 0 22 22 22 22 0 22 0 0 0 0 0 0 0 0 22 0 22 22 
0 0 0 0 0 0 0 0 0 0 0 0 0 0 0 0 0 0 0 22 
22 22 22 0 22 0 0 22 22 22 22 0 0 0 0 0 0 0 0 22 
22 0 0 0 0 22 22 22 22 0 0 0 0 0 0 0 0 0 0 22 
0 0 0 0 22 22 22 22 22 0 0 0 0 0 22 22 0 0 0 22 
0 0 22 0 22 22 22 0 0 22 0 0 0 0 0 22 0 0 0 22 
22 22 22 22 22 22 22 0 0 22 0 22 22 22 0 22 22 22 22 22 
672,20,12
22 22 22 22 22 22 22 22 22 22 22 22 22 22 22 22 22 22 22 22 
22 22 22 22 22 22 22 22 22 22 22 22 22 22 22 22 22 22 22 22 
22 22 22 22 22 22 22 22 22 22 22 22 22 22 22 22 22 22 22 22 
22 22 0 0 0 22 22 22 22 22 22 22 22 22 22 22 22 22 22 22 
0 22 0 0 0 0 22 22 22 22 22 0 0 0 22 22 22 22 22 22 
0 0 22 22 22 22 22 22 22 22 0 0 0 0 22 0 22 0 22 22 
0 0 22 0 0 0 0 0 0 0 0 0 0 0 0 0 0 0 0 22 
22 0 0 0 0 22 22 22 22 22 22 22 0 22 0 0 0 0 0 0 
0 0 0 22 0 22 22 22 22 22 22 0 0 0 22 0 0 0 0 0 
0 0 0 0 22 22 22 22 22 0 0 0 0 0 22 0 0 0 0 22 
0 0 22 0 22 22 22 22 22 0 0 0 0 0 0 22 0 0 0 22 
22 22 22 22 22 22 22 22 22 22 0 22 22 22 22 22 22 22 22 22 
696,20,12
22 22 22 22 22 22 22 22 22 22 22 22 22 22 22 22 22 22 22 22 
22 22 22 22 22 22 22 22 22 22 22 22 22 22 22 22 22 22 22 22 
22 22 22 22 22 22 22 22 22 22 22 22 22 22 22 22 22 22 22 22 
22 22 0 0 22 22 22 22 22 22 22 22 22 22 22 22 22 22 22 22 
0 22 0 0 0 0 22 22 22 22 22 22 0 0 22 22 22 22 22 22 
0 0 22 22 0 22 22 22 22 22 0 0 0 0 22 22 22 0 0 22 
0 0 0 0 0 0 0 0 0 0 0 0 0 0 0 0 0 0 0 22 
22 0 0 0 0 0 22 22 22 22 22 22 0 0 22 0 0 0 0 0 
0 0 0 0 0 22 22 22 22 22 22 0 0 0 0 0 0 0 0 0 
0 22 0 22 0 22 22 22 22 0 0 0 0 0 22 0 22 0 0 0 
0 0 22 22 22 22 22 22 22 0 0 0 22 22 22 22 22 0 0 0 
22 22 22 22 22 22 22 22 22 22 0 22 22 22 22 22 22 22 22 22 
720,20,12
22 22 22 22 22 22 22 22 22 22 22 22 22 22 22 22 22 22 22 22 
22 22 22 22 22 22 22 22 22 22 22 22 22 22 22 22 22 22 22 22 
22 22 22 22 22 22 22 22 22 22 22 22 22 22 22 22 22 22 22 22 
22 22 0 0 22 22 22 22 22 22 22 22 22 22 22 22 22 22 22 22 
0 22 0 0 0 0 22 22 22 22 22 22 0 0 22 22 22 22 22 22 
0 0 22 22 0 0 0 22 0 0 0 0 0 0 0 22 22 0 0 22 
0 0 0 0 22 22 0 0 0 0 0 0 0 0 0 0 0 0 0 22 
22 0 0 0 0 0 0 0 22 22 22 22 22 0 0 0 0 0 0 0 
22 0 0 0 0 22 22 22 22 22 22 0 0 0 0 0 0 0 0 0 
0 22 0 0 0 22 22 22 22 0 0 0 0 0 0 0 22 22 0 22 
0 22 22 0 22 22 22 22 22 0 0 0 0 0 0 22 22 22 22 22 
22 22 22 22 22 22 22 22 22 22 0 22 22 0 0 22 22 22 22 22 
744,20,12
22 22 22 22 22 22 22 22 22 22 22 22 22 22 22 22 22 22 22 22 
22 22 22 22 22 22 22 22 22 22 22 22 22 22 22 22 22 22 22 22 
22 22 22 22 22 22 22 22 22 22 22 22 22 22 22 22 22 22 22 22 
22 22 0 0 22 22 22 22 22 22 22 22 22 22 22 22 22 22 22 22 
0 22 0 0 0 0 22 22 22 22 22 0 0 22 22 22 22 22 22 22 
0 0 22 22 0 0 0 22 0 22 0 0 0 0 22 22 22 0 0 22 
0 0 22 22 22 22 0 0 0 0 0 0 0 0 0 0 0 0 0 22 
0 0 0 0 0 0 0 0 22 22 22 22 22 0 0 0 0 0 0 0 
0 0 22 0 0 0 22 22 22 22 22 22 0 0 22 0 0 0 0 0 
22 22 0 0 22 22 22 22 22 0 0 0 0 0 0 0 22 22 22 22 
0 22 22 22 22 22 22 22 22 0 0 0 0 0 0 0 22 22 22 0 
22 22 22 22 22 22 22 22 22 22 22 22 22 0 0 0 22 22 22 22 
768,20,12
22 22 22 22 22 22 22 22 22 22 22 22 22 22 22 22 22 22 22 22 
22 22 22 22 22 22 22 22 22 22 22 22 22 22 22 22 22 22 22 22 
22 22 22 22 22 22 22 22 22 22 22 22 22 22 22 22 22 22 22 22 
22 22 0 0 22 22 22 22 22 22 22 22 22 22 22 22 22 22 22 22 
0 22 0 0 0 0 22 22 22 22 22 22 0 0 22 22 22 22 22 22 
0 0 22 22 0 0 0 22 0 0 0 0 0 0 22 22 22 22 22 22 
0 0 22 0 0 0 0 0 22 0 0 0 0 0 0 0 0 0 0 22 
0 0 0 0 0 0 0 22 22 22 22 0 0 0 0 0 0 0 0 0 
0 0 22 0 0 22 22 22 22 22 0 22 0 0 0 0 0 0 0 0 
22 22 22 0 0 22 22 22 22 0 0 0 0 0 0 0 22 22 0 0 
22 22 0 0 22 22 22 22 22 22 22 0 0 0 0 0 22 0 0 0 
22 22 0 0 22 22 22 22 22 22 22 22 22 0 0 0 22 22 22 22 
792,20,12
22 22 22 22 22 22 22 22 22 22 22 22 22 22 22 22 22 22 22 22 
22 22 22 22 22 22 22 22 22 22 22 22 22 22 22 22 22 22 22 22 
22 22 22 22 22 22 22 22 22 22 22 22 22 22 22 22 22 22 22 22 
22 22 0 0 22 22 22 22 22 22 22 22 22 22 22 22 22 22 22 22 
0 22 0 0 0 0 22 22 22 22 22 0 0 0 22 22 22 22 22 22 
0 22 22 22 0 0 0 22 22 0 0 0 0 0 22 22 22 22 22 22 
0 0 0 0 22 0 0 0 0 0 0 0 0 0 0 0 0 0 0 0 
0 0 0 0 22 0 22 22 22 22 22 0 22 22 22 0 0 0 0 0 
0 0 22 0 0 22 22 22 22 22 0 0 0 0 0 0 0 0 0 0 
22 22 22 22 0 22 22 22 22 22 0 0 0 0 0 0 22 0 0 22 
22 22 22 22 22 22 22 22 22 22 22 0 0 0 0 0 22 22 0 0 
22 22 22 22 22 22 22 22 22 22 22 0 22 0 0 0 22 22 0 0 
816,20,12
22 22 22 22 22 22 22 22 22 22 22 22 22 22 22 22 22 22 22 22 
22 22 22 22 22 22 22 22 22 22 22 22 22 22 22 22 22 22 22 22 
22 22 22 22 22 22 22 22 22 22 22 22 22 22 22 22 22 22 22 22 
22 22 0 0 22 22 22 22 22 22 22 22 22 22 22 22 22 22 22 22 
0 22 0 0 0 0 22 22 22 22 22 22 0 0 22 22 22 22 22 22 
0 0 22 22 0 0 0 0 0 0 0 0 0 0 22 22 22 22 0 22 
0 0 0 22 22 22 0 0 0 0 0 0 0 0 0 0 0 0 0 0 
22 0 0 0 22 0 22 0 0 22 22 22 22 22 22 0 0 0 0 0 
0 0 0 0 0 22 22 22 22 22 22 22 0 0 0 0 0 0 0 0 
22 0 0 22 0 22 22 22 22 22 0 0 0 0 0 0 22 22 0 0 
0 22 22 22 22 22 22 22 22 22 0 0 0 0 0 0 0 0 0 0 
0 22 22 22 22 22 22 22 22 22 0 0 22 0 0 0 22 0 0 0 
840,20,12
22 22 22 22 22 22 22 22 22 22 22 22 22 22 22 22 22 22 22 22 
22 22 22 22 22 22 22 22 22 22 22 22 22 22 22 22 22 22 22 22 
22 22 22 22 22 22 22 22 22 22 22 22 22 22 22 22 22 22 22 22 
22 22 22 22 0 0 22 22 22 22 22 22 22 22 22 22 22 22 22 22 
0 0 22 22 0 0 0 22 22 22 22 22 22 22 0 0 22 22 22 22 
0 0 0 22 22 0 0 22 22 22 22 0 0 0 0 22 22 22 22 22 
0 0 0 0 22 22 22 0 22 0 0 0 0 0 0 0 0 0 0 0 
0 0 0 0 0 0 0 22 22 22 0 0 22 0 0 0 0 0 0 0 
0 0 0 0 0 0 0 22 22 22 22 22 22 22 22 0 0 0 0 0 
0 0 22 22 22 0 0 22 22 22 22 0 0 0 0 0 0 0 0 0 
22 22 0 0 0 22 22 22 22 22 22 0 0 0 0 0 0 0 22 22 
22 22 22 0 0 22 22 22 22 22 22 22 0 22 0 0 0 0 22 22 
